   80.00000      0.0000000E+00  = l, b
    d       x       y       z       ne      dsm    arm  cl void
  0.005   0.005   8.499   0.000   0.0050  0.250E-06 5    0  0
  0.015   0.015   8.497   0.000   0.0050  0.250E-06 5    0  0
  0.025   0.025   8.496   0.000   0.0050  0.250E-06 5    0  0
  0.035   0.034   8.494   0.000   0.0050  0.250E-06 5    0  0
  0.045   0.044   8.492   0.000   0.0050  0.250E-06 5    0  0
  0.055   0.054   8.490   0.000   0.0050  0.250E-06 5    0  0
  0.065   0.064   8.489   0.000   0.0050  0.250E-06 5    0  0
  0.075   0.074   8.487   0.000   0.0050  0.250E-06 5    0  0
  0.085   0.084   8.485   0.000   0.0050  0.250E-06 5    0  0
  0.095   0.094   8.484   0.000   0.0125  0.156E-05 5    0  0
  0.105   0.103   8.482   0.000   0.0120  0.144E-04 5    0  0
  0.115   0.113   8.480   0.000   0.0120  0.144E-04 5    0  0
  0.125   0.123   8.478   0.000   0.0120  0.144E-04 5    0  0
  0.135   0.133   8.477   0.000   0.0120  0.144E-04 5    0  0
  0.145   0.143   8.475   0.000   0.0120  0.144E-04 5    0  0
  0.155   0.153   8.473   0.000   0.0120  0.144E-04 5    0  0
  0.165   0.162   8.471   0.000   0.0120  0.144E-04 5    0  0
  0.175   0.172   8.470   0.000   0.0120  0.144E-04 5    0  0
  0.185   0.182   8.468   0.000   0.0120  0.144E-04 5    0  0
  0.195   0.192   8.466   0.000   0.0120  0.144E-04 5    0  0
  0.205   0.202   8.464   0.000   0.0120  0.144E-04 5    0  0
